{
 "cells": [
  {
   "cell_type": "code",
   "execution_count": 1,
   "metadata": {},
   "outputs": [],
   "source": [
    "import pandas as pd\n",
    "pd.set_option('display.max_columns', 20)\n",
    "pd.set_option('display.max_colwidth', None)\n",
    "pd.plotting.register_matplotlib_converters()\n",
    "import pygwalker as pyg\n",
    "\n",
    "import numpy as np\n",
    "import seaborn as sns\n",
    "import missingno as mgn\n",
    "\n",
    "import plotly.express as px\n",
    "import plotly.graph_objects as go\n",
    "import plotly.io as pio\n",
    "import matplotlib.pyplot as plt\n",
    "\n",
    "pio.templates.default = \"simple_white\""
   ]
  },
  {
   "cell_type": "markdown",
   "metadata": {},
   "source": [
    "## EDA"
   ]
  },
  {
   "cell_type": "code",
   "execution_count": 2,
   "metadata": {},
   "outputs": [],
   "source": [
    "df = pd.read_csv('/Users/clara/Desktop/neuefische/d-drivers/data/data_features.csv')\n",
    "#df.drop([])"
   ]
  },
  {
   "cell_type": "code",
   "execution_count": 3,
   "metadata": {},
   "outputs": [
    {
     "name": "stdout",
     "output_type": "stream",
     "text": [
      "<class 'pandas.core.frame.DataFrame'>\n",
      "RangeIndex: 6815 entries, 0 to 6814\n",
      "Data columns (total 38 columns):\n",
      " #   Column                  Non-Null Count  Dtype  \n",
      "---  ------                  --------------  -----  \n",
      " 0   page_id                 6815 non-null   int64  \n",
      " 1   n_days                  6815 non-null   int64  \n",
      " 2   url                     6815 non-null   object \n",
      " 3   n_urls                  6815 non-null   int64  \n",
      " 4   no_versions             6815 non-null   int64  \n",
      " 5   age                     6815 non-null   int64  \n",
      " 6   last_publish_date       6815 non-null   object \n",
      " 7   publish_date_min        6815 non-null   object \n",
      " 8   word_count              6815 non-null   float64\n",
      " 9   classification_product  6815 non-null   object \n",
      " 10  classification_type     6815 non-null   object \n",
      " 11  page_name               6815 non-null   object \n",
      " 12  title                   6815 non-null   object \n",
      " 13  last_author             6815 non-null   object \n",
      " 14  external_clicks         6815 non-null   float64\n",
      " 15  external_impressions    6815 non-null   float64\n",
      " 16  likes_n_days            6815 non-null   float64\n",
      " 17  dislikes_n_days         6815 non-null   float64\n",
      " 18  video_play              6815 non-null   float64\n",
      " 19  page_impressions        6815 non-null   float64\n",
      " 20  clickouts               6815 non-null   float64\n",
      " 21  ctr                     6815 non-null   float64\n",
      " 22  h1                      6815 non-null   object \n",
      " 23  scraped_author          6815 non-null   object \n",
      " 24  date_scraped            6815 non-null   object \n",
      " 25  abstract                6808 non-null   object \n",
      " 26  scraped_word_count      6815 non-null   int64  \n",
      " 27  meta_title              6815 non-null   object \n",
      " 28  meta_description        6815 non-null   object \n",
      " 29  meta_image_url          6815 non-null   object \n",
      " 30  media_type              6815 non-null   object \n",
      " 31  page_img_size           5066 non-null   object \n",
      " 32  merged_url              6815 non-null   object \n",
      " 33  meta_title_len          6815 non-null   int64  \n",
      " 34  meta_desc_len           6815 non-null   int64  \n",
      " 35  h1_len                  6815 non-null   int64  \n",
      " 36  abstract_len            6808 non-null   float64\n",
      " 37  merged_url_len          6815 non-null   int64  \n",
      "dtypes: float64(10), int64(10), object(18)\n",
      "memory usage: 2.0+ MB\n"
     ]
    }
   ],
   "source": [
    "df.info()"
   ]
  },
  {
   "cell_type": "code",
   "execution_count": 4,
   "metadata": {},
   "outputs": [],
   "source": [
    "# Summarize all target variables in a list\n",
    "target = ['crt', 'external_clicks', 'external_impressions']\n",
    "\n",
    "# Summarize all numeric variables in a list\n",
    "num_variables = df.select_dtypes(include=[np.number]).columns.tolist()\n",
    "# columns_to_remove = ['external_clicks', 'external_impressions', 'ctr']\n",
    "# for col in columns_to_remove:\n",
    "#     num_variables.remove(col)"
   ]
  },
  {
   "cell_type": "code",
   "execution_count": 5,
   "metadata": {},
   "outputs": [
    {
     "name": "stdout",
     "output_type": "stream",
     "text": [
      "                       page_id    n_days    n_urls  no_versions       age   \n",
      "page_id               1.000000 -0.300763 -0.227742    -0.167048 -0.175386  \\\n",
      "n_days               -0.300763  1.000000  0.615208     0.624697  0.041246   \n",
      "n_urls               -0.227742  0.615208  1.000000     0.929609 -0.024247   \n",
      "no_versions          -0.167048  0.624697  0.929609     1.000000  0.066316   \n",
      "age                  -0.175386  0.041246 -0.024247     0.066316  1.000000   \n",
      "word_count           -0.086368  0.162702  0.185634     0.195596 -0.313156   \n",
      "external_clicks       0.002478  0.238998  0.293525     0.289466 -0.023107   \n",
      "external_impressions  0.001997  0.267615  0.324947     0.324785 -0.028377   \n",
      "likes_n_days         -0.046476  0.104402  0.123044     0.104603  0.012987   \n",
      "dislikes_n_days      -0.039736  0.054709  0.089376     0.064154  0.004068   \n",
      "video_play            0.006177  0.276891  0.313687     0.310121 -0.035206   \n",
      "page_impressions      0.009198  0.309372  0.334653     0.337487 -0.045051   \n",
      "clickouts            -0.058957  0.473494  0.494711     0.553420 -0.009441   \n",
      "ctr                  -0.188644  0.080662 -0.004324    -0.022485  0.080295   \n",
      "scraped_word_count   -0.382895  0.317928  0.251357     0.249505  0.026716   \n",
      "meta_title_len        0.128259 -0.085379 -0.133782    -0.114050  0.015657   \n",
      "meta_desc_len         0.048708 -0.039672 -0.075214    -0.116526 -0.197312   \n",
      "h1_len                0.036908  0.006077  0.026831     0.027202  0.019977   \n",
      "abstract_len         -0.082623  0.071993  0.084147     0.098524 -0.026051   \n",
      "merged_url_len        0.003588 -0.021901 -0.045449    -0.059414  0.015586   \n",
      "\n",
      "                      word_count  external_clicks  external_impressions   \n",
      "page_id                -0.086368         0.002478              0.001997  \\\n",
      "n_days                  0.162702         0.238998              0.267615   \n",
      "n_urls                  0.185634         0.293525              0.324947   \n",
      "no_versions             0.195596         0.289466              0.324785   \n",
      "age                    -0.313156        -0.023107             -0.028377   \n",
      "word_count              1.000000         0.035535              0.044973   \n",
      "external_clicks         0.035535         1.000000              0.989970   \n",
      "external_impressions    0.044973         0.989970              1.000000   \n",
      "likes_n_days            0.055622         0.412528              0.394297   \n",
      "dislikes_n_days         0.039406         0.344655              0.308884   \n",
      "video_play              0.047537         0.926818              0.923087   \n",
      "page_impressions        0.057033         0.920344              0.918439   \n",
      "clickouts               0.156360         0.116950              0.159428   \n",
      "ctr                    -0.163384         0.069412              0.050389   \n",
      "scraped_word_count      0.631193        -0.004927              0.001695   \n",
      "meta_title_len         -0.094299         0.015345              0.010097   \n",
      "meta_desc_len          -0.020082        -0.058736             -0.063580   \n",
      "h1_len                 -0.036092         0.017798              0.017813   \n",
      "abstract_len            0.173824         0.018597              0.022194   \n",
      "merged_url_len         -0.056029        -0.037516             -0.039153   \n",
      "\n",
      "                      likes_n_days  dislikes_n_days  video_play   \n",
      "page_id                  -0.046476        -0.039736    0.006177  \\\n",
      "n_days                    0.104402         0.054709    0.276891   \n",
      "n_urls                    0.123044         0.089376    0.313687   \n",
      "no_versions               0.104603         0.064154    0.310121   \n",
      "age                       0.012987         0.004068   -0.035206   \n",
      "word_count                0.055622         0.039406    0.047537   \n",
      "external_clicks           0.412528         0.344655    0.926818   \n",
      "external_impressions      0.394297         0.308884    0.923087   \n",
      "likes_n_days              1.000000         0.943195    0.421122   \n",
      "dislikes_n_days           0.943195         1.000000    0.337093   \n",
      "video_play                0.421122         0.337093    1.000000   \n",
      "page_impressions          0.380777         0.296992    0.980012   \n",
      "clickouts                 0.073518         0.009561    0.129588   \n",
      "ctr                       0.023928         0.023781    0.096035   \n",
      "scraped_word_count        0.032529         0.019701   -0.011218   \n",
      "meta_title_len            0.010496         0.012796    0.021384   \n",
      "meta_desc_len            -0.025262        -0.008584   -0.050868   \n",
      "h1_len                    0.014983         0.012938    0.025068   \n",
      "abstract_len              0.014546         0.003850    0.027665   \n",
      "merged_url_len           -0.009878        -0.000560   -0.036238   \n",
      "\n",
      "                      page_impressions  clickouts       ctr   \n",
      "page_id                       0.009198  -0.058957 -0.188644  \\\n",
      "n_days                        0.309372   0.473494  0.080662   \n",
      "n_urls                        0.334653   0.494711 -0.004324   \n",
      "no_versions                   0.337487   0.553420 -0.022485   \n",
      "age                          -0.045051  -0.009441  0.080295   \n",
      "word_count                    0.057033   0.156360 -0.163384   \n",
      "external_clicks               0.920344   0.116950  0.069412   \n",
      "external_impressions          0.918439   0.159428  0.050389   \n",
      "likes_n_days                  0.380777   0.073518  0.023928   \n",
      "dislikes_n_days               0.296992   0.009561  0.023781   \n",
      "video_play                    0.980012   0.129588  0.096035   \n",
      "page_impressions              1.000000   0.158748  0.109343   \n",
      "clickouts                     0.158748   1.000000 -0.009740   \n",
      "ctr                           0.109343  -0.009740  1.000000   \n",
      "scraped_word_count           -0.005248   0.181940 -0.017277   \n",
      "meta_title_len                0.016779  -0.059416  0.050522   \n",
      "meta_desc_len                -0.048727  -0.027032  0.046941   \n",
      "h1_len                        0.022373   0.023072  0.043659   \n",
      "abstract_len                  0.034281   0.060320  0.005169   \n",
      "merged_url_len               -0.039163  -0.018469  0.045501   \n",
      "\n",
      "                      scraped_word_count  meta_title_len  meta_desc_len   \n",
      "page_id                        -0.382895        0.128259       0.048708  \\\n",
      "n_days                          0.317928       -0.085379      -0.039672   \n",
      "n_urls                          0.251357       -0.133782      -0.075214   \n",
      "no_versions                     0.249505       -0.114050      -0.116526   \n",
      "age                             0.026716        0.015657      -0.197312   \n",
      "word_count                      0.631193       -0.094299      -0.020082   \n",
      "external_clicks                -0.004927        0.015345      -0.058736   \n",
      "external_impressions            0.001695        0.010097      -0.063580   \n",
      "likes_n_days                    0.032529        0.010496      -0.025262   \n",
      "dislikes_n_days                 0.019701        0.012796      -0.008584   \n",
      "video_play                     -0.011218        0.021384      -0.050868   \n",
      "page_impressions               -0.005248        0.016779      -0.048727   \n",
      "clickouts                       0.181940       -0.059416      -0.027032   \n",
      "ctr                            -0.017277        0.050522       0.046941   \n",
      "scraped_word_count              1.000000       -0.162182      -0.093669   \n",
      "meta_title_len                 -0.162182        1.000000       0.121648   \n",
      "meta_desc_len                  -0.093669        0.121648       1.000000   \n",
      "h1_len                         -0.033379        0.795216       0.033206   \n",
      "abstract_len                    0.170543       -0.019156       0.009927   \n",
      "merged_url_len                 -0.029420        0.463235       0.097060   \n",
      "\n",
      "                        h1_len  abstract_len  merged_url_len  \n",
      "page_id               0.036908     -0.082623        0.003588  \n",
      "n_days                0.006077      0.071993       -0.021901  \n",
      "n_urls                0.026831      0.084147       -0.045449  \n",
      "no_versions           0.027202      0.098524       -0.059414  \n",
      "age                   0.019977     -0.026051        0.015586  \n",
      "word_count           -0.036092      0.173824       -0.056029  \n",
      "external_clicks       0.017798      0.018597       -0.037516  \n",
      "external_impressions  0.017813      0.022194       -0.039153  \n",
      "likes_n_days          0.014983      0.014546       -0.009878  \n",
      "dislikes_n_days       0.012938      0.003850       -0.000560  \n",
      "video_play            0.025068      0.027665       -0.036238  \n",
      "page_impressions      0.022373      0.034281       -0.039163  \n",
      "clickouts             0.023072      0.060320       -0.018469  \n",
      "ctr                   0.043659      0.005169        0.045501  \n",
      "scraped_word_count   -0.033379      0.170543       -0.029420  \n",
      "meta_title_len        0.795216     -0.019156        0.463235  \n",
      "meta_desc_len         0.033206      0.009927        0.097060  \n",
      "h1_len                1.000000      0.004531        0.444874  \n",
      "abstract_len          0.004531      1.000000       -0.025121  \n",
      "merged_url_len        0.444874     -0.025121        1.000000  \n"
     ]
    },
    {
     "data": {
      "application/vnd.plotly.v1+json": {
       "config": {
        "plotlyServerURL": "https://plot.ly"
       },
       "data": [
        {
         "coloraxis": "coloraxis",
         "hovertemplate": "x: %{x}<br>y: %{y}<br>color: %{z}<extra></extra>",
         "name": "0",
         "type": "heatmap",
         "x": [
          "page_id",
          "n_days",
          "n_urls",
          "no_versions",
          "age",
          "word_count",
          "external_clicks",
          "external_impressions",
          "likes_n_days",
          "dislikes_n_days",
          "video_play",
          "page_impressions",
          "clickouts",
          "ctr",
          "scraped_word_count",
          "meta_title_len",
          "meta_desc_len",
          "h1_len",
          "abstract_len",
          "merged_url_len"
         ],
         "xaxis": "x",
         "y": [
          "page_id",
          "n_days",
          "n_urls",
          "no_versions",
          "age",
          "word_count",
          "external_clicks",
          "external_impressions",
          "likes_n_days",
          "dislikes_n_days",
          "video_play",
          "page_impressions",
          "clickouts",
          "ctr",
          "scraped_word_count",
          "meta_title_len",
          "meta_desc_len",
          "h1_len",
          "abstract_len",
          "merged_url_len"
         ],
         "yaxis": "y",
         "z": [
          [
           1,
           -0.30076348106368594,
           -0.22774155599557414,
           -0.16704828171655095,
           -0.17538586039166484,
           -0.08636757358195868,
           0.0024778092941067737,
           0.0019971678751614227,
           -0.04647559677410171,
           -0.03973607274987975,
           0.0061774147735756055,
           0.00919800784577634,
           -0.05895684639635963,
           -0.18864414082238729,
           -0.38289514770942845,
           0.12825926698848975,
           0.04870772662382271,
           0.036907933640266274,
           -0.08262261150976132,
           0.0035883489496994093
          ],
          [
           -0.30076348106368594,
           1,
           0.6152076814550306,
           0.6246967029971913,
           0.041246436012577783,
           0.16270193511355754,
           0.23899821337610783,
           0.26761532511188374,
           0.10440167263697377,
           0.054709464894784336,
           0.2768912783624885,
           0.30937218278688877,
           0.47349368575995865,
           0.08066247162639195,
           0.3179283343079432,
           -0.08537908168687475,
           -0.03967240626359899,
           0.006076557993167953,
           0.07199321477943497,
           -0.021901099856171318
          ],
          [
           -0.22774155599557414,
           0.6152076814550306,
           1,
           0.9296089436109957,
           -0.024246893535950984,
           0.18563421248944822,
           0.2935248644414092,
           0.32494652979863176,
           0.12304353385613799,
           0.08937617184366166,
           0.31368676790812877,
           0.33465311326079966,
           0.4947114134640875,
           -0.004323764537602239,
           0.2513572529942817,
           -0.13378166719686516,
           -0.07521397977836967,
           0.02683129011466783,
           0.08414748197443427,
           -0.04544879894872185
          ],
          [
           -0.16704828171655095,
           0.6246967029971913,
           0.9296089436109957,
           1,
           0.06631602768385554,
           0.1955963771821811,
           0.28946569218979773,
           0.3247852952377488,
           0.1046034716373498,
           0.06415395292730551,
           0.3101209397117375,
           0.33748717318321864,
           0.5534195527867414,
           -0.02248525268713081,
           0.24950527462720878,
           -0.1140500412582937,
           -0.1165257841412794,
           0.02720177221981439,
           0.09852371943180678,
           -0.05941424206035692
          ],
          [
           -0.17538586039166484,
           0.041246436012577783,
           -0.024246893535950984,
           0.06631602768385554,
           1,
           -0.3131560949936514,
           -0.023107377524386498,
           -0.028376501283034195,
           0.012986723431420221,
           0.004068426550100468,
           -0.03520559022126031,
           -0.04505123641387083,
           -0.009440528993642477,
           0.08029461993636504,
           0.02671613447089944,
           0.015657078507636146,
           -0.1973115502701162,
           0.019976860671699678,
           -0.026050526662567856,
           0.01558636341147967
          ],
          [
           -0.08636757358195868,
           0.16270193511355754,
           0.18563421248944822,
           0.1955963771821811,
           -0.3131560949936514,
           1,
           0.03553520025285828,
           0.04497276062708393,
           0.05562176973838812,
           0.039406303603825014,
           0.04753713300777799,
           0.05703341218199204,
           0.15635994898613853,
           -0.16338363444024329,
           0.6311926485729604,
           -0.09429902519870328,
           -0.02008198220942232,
           -0.03609216845383012,
           0.17382422014166676,
           -0.056029008574768766
          ],
          [
           0.0024778092941067737,
           0.23899821337610783,
           0.2935248644414092,
           0.28946569218979773,
           -0.023107377524386498,
           0.03553520025285828,
           1,
           0.9899701332392096,
           0.412527547183608,
           0.34465469370858076,
           0.9268181527402254,
           0.9203440068649552,
           0.11694986089158628,
           0.06941213864342086,
           -0.004927351550750787,
           0.015345018253127729,
           -0.05873620242160355,
           0.017798098110987905,
           0.018596693670790546,
           -0.037515799889492905
          ],
          [
           0.0019971678751614227,
           0.26761532511188374,
           0.32494652979863176,
           0.3247852952377488,
           -0.028376501283034195,
           0.04497276062708393,
           0.9899701332392096,
           1,
           0.3942970595245189,
           0.3088837744546326,
           0.9230869102543576,
           0.9184390288219283,
           0.1594283848211139,
           0.05038880002743331,
           0.001694965358649508,
           0.010096769377874293,
           -0.0635796551813483,
           0.01781270015678922,
           0.022193725964858222,
           -0.03915262118642697
          ],
          [
           -0.04647559677410171,
           0.10440167263697377,
           0.12304353385613799,
           0.1046034716373498,
           0.012986723431420221,
           0.05562176973838812,
           0.412527547183608,
           0.3942970595245189,
           1,
           0.9431946753080321,
           0.4211219751567425,
           0.3807768023888076,
           0.07351786822099957,
           0.023927988464507312,
           0.03252851731162018,
           0.010496319764216281,
           -0.025261783251184253,
           0.01498289439810393,
           0.014545627863803047,
           -0.009878222921894353
          ],
          [
           -0.03973607274987975,
           0.054709464894784336,
           0.08937617184366166,
           0.06415395292730551,
           0.004068426550100468,
           0.039406303603825014,
           0.34465469370858076,
           0.3088837744546326,
           0.9431946753080321,
           1,
           0.33709280842242023,
           0.29699191558965066,
           0.009560883559707094,
           0.023780910516972092,
           0.019701390651511694,
           0.012796453143517884,
           -0.008583846637910965,
           0.012937590342558583,
           0.0038498025936535537,
           -0.0005599425798539121
          ],
          [
           0.0061774147735756055,
           0.2768912783624885,
           0.31368676790812877,
           0.3101209397117375,
           -0.03520559022126031,
           0.04753713300777799,
           0.9268181527402254,
           0.9230869102543576,
           0.4211219751567425,
           0.33709280842242023,
           1,
           0.9800124161657262,
           0.12958803734776372,
           0.0960345260581534,
           -0.011218472462299274,
           0.021383632639905763,
           -0.050867538403340296,
           0.025067913467996226,
           0.027664553532516883,
           -0.03623759535627453
          ],
          [
           0.00919800784577634,
           0.30937218278688877,
           0.33465311326079966,
           0.33748717318321864,
           -0.04505123641387083,
           0.05703341218199204,
           0.9203440068649552,
           0.9184390288219283,
           0.3807768023888076,
           0.29699191558965066,
           0.9800124161657262,
           1,
           0.15874753222546645,
           0.10934336364041326,
           -0.0052476737129272194,
           0.016779309060484162,
           -0.04872712520771874,
           0.02237329581934971,
           0.03428139442014716,
           -0.03916254824288128
          ],
          [
           -0.05895684639635963,
           0.47349368575995865,
           0.4947114134640875,
           0.5534195527867414,
           -0.009440528993642477,
           0.15635994898613853,
           0.11694986089158628,
           0.1594283848211139,
           0.07351786822099957,
           0.009560883559707094,
           0.12958803734776372,
           0.15874753222546645,
           1,
           -0.009740070698407563,
           0.18194046034968098,
           -0.059416373445930745,
           -0.02703211496338815,
           0.023071559518402746,
           0.06032035625736391,
           -0.01846915855112091
          ],
          [
           -0.18864414082238729,
           0.08066247162639195,
           -0.004323764537602239,
           -0.02248525268713081,
           0.08029461993636504,
           -0.16338363444024329,
           0.06941213864342086,
           0.05038880002743331,
           0.023927988464507312,
           0.023780910516972092,
           0.0960345260581534,
           0.10934336364041326,
           -0.009740070698407563,
           1,
           -0.017277498655718797,
           0.0505216068642887,
           0.046941451473140654,
           0.043658759542621085,
           0.0051685575464564485,
           0.04550062374719899
          ],
          [
           -0.38289514770942845,
           0.3179283343079432,
           0.2513572529942817,
           0.24950527462720878,
           0.02671613447089944,
           0.6311926485729604,
           -0.004927351550750787,
           0.001694965358649508,
           0.03252851731162018,
           0.019701390651511694,
           -0.011218472462299274,
           -0.0052476737129272194,
           0.18194046034968098,
           -0.017277498655718797,
           1,
           -0.16218225475747486,
           -0.09366937097737676,
           -0.03337928304011839,
           0.17054311158526247,
           -0.029419888014047216
          ],
          [
           0.12825926698848975,
           -0.08537908168687475,
           -0.13378166719686516,
           -0.1140500412582937,
           0.015657078507636146,
           -0.09429902519870328,
           0.015345018253127729,
           0.010096769377874293,
           0.010496319764216281,
           0.012796453143517884,
           0.021383632639905763,
           0.016779309060484162,
           -0.059416373445930745,
           0.0505216068642887,
           -0.16218225475747486,
           1,
           0.12164816243072539,
           0.7952162314828809,
           -0.01915614701831156,
           0.46323454182143176
          ],
          [
           0.04870772662382271,
           -0.03967240626359899,
           -0.07521397977836967,
           -0.1165257841412794,
           -0.1973115502701162,
           -0.02008198220942232,
           -0.05873620242160355,
           -0.0635796551813483,
           -0.025261783251184253,
           -0.008583846637910965,
           -0.050867538403340296,
           -0.04872712520771874,
           -0.02703211496338815,
           0.046941451473140654,
           -0.09366937097737676,
           0.12164816243072539,
           1,
           0.033206088214711875,
           0.009927073641800583,
           0.09706043901117926
          ],
          [
           0.036907933640266274,
           0.006076557993167953,
           0.02683129011466783,
           0.02720177221981439,
           0.019976860671699678,
           -0.03609216845383012,
           0.017798098110987905,
           0.01781270015678922,
           0.01498289439810393,
           0.012937590342558583,
           0.025067913467996226,
           0.02237329581934971,
           0.023071559518402746,
           0.043658759542621085,
           -0.03337928304011839,
           0.7952162314828809,
           0.033206088214711875,
           1,
           0.004530661412618092,
           0.44487421426450297
          ],
          [
           -0.08262261150976132,
           0.07199321477943497,
           0.08414748197443427,
           0.09852371943180678,
           -0.026050526662567856,
           0.17382422014166676,
           0.018596693670790546,
           0.022193725964858222,
           0.014545627863803047,
           0.0038498025936535537,
           0.027664553532516883,
           0.03428139442014716,
           0.06032035625736391,
           0.0051685575464564485,
           0.17054311158526247,
           -0.01915614701831156,
           0.009927073641800583,
           0.004530661412618092,
           1,
           -0.025120573470205604
          ],
          [
           0.0035883489496994093,
           -0.021901099856171318,
           -0.04544879894872185,
           -0.05941424206035692,
           0.01558636341147967,
           -0.056029008574768766,
           -0.037515799889492905,
           -0.03915262118642697,
           -0.009878222921894353,
           -0.0005599425798539121,
           -0.03623759535627453,
           -0.03916254824288128,
           -0.01846915855112091,
           0.04550062374719899,
           -0.029419888014047216,
           0.46323454182143176,
           0.09706043901117926,
           0.44487421426450297,
           -0.025120573470205604,
           1
          ]
         ]
        }
       ],
       "layout": {
        "coloraxis": {
         "colorscale": [
          [
           0,
           "rgb(103,0,31)"
          ],
          [
           0.1,
           "rgb(178,24,43)"
          ],
          [
           0.2,
           "rgb(214,96,77)"
          ],
          [
           0.3,
           "rgb(244,165,130)"
          ],
          [
           0.4,
           "rgb(253,219,199)"
          ],
          [
           0.5,
           "rgb(247,247,247)"
          ],
          [
           0.6,
           "rgb(209,229,240)"
          ],
          [
           0.7,
           "rgb(146,197,222)"
          ],
          [
           0.8,
           "rgb(67,147,195)"
          ],
          [
           0.9,
           "rgb(33,102,172)"
          ],
          [
           1,
           "rgb(5,48,97)"
          ]
         ]
        },
        "template": {
         "data": {
          "bar": [
           {
            "error_x": {
             "color": "rgb(36,36,36)"
            },
            "error_y": {
             "color": "rgb(36,36,36)"
            },
            "marker": {
             "line": {
              "color": "white",
              "width": 0.5
             },
             "pattern": {
              "fillmode": "overlay",
              "size": 10,
              "solidity": 0.2
             }
            },
            "type": "bar"
           }
          ],
          "barpolar": [
           {
            "marker": {
             "line": {
              "color": "white",
              "width": 0.5
             },
             "pattern": {
              "fillmode": "overlay",
              "size": 10,
              "solidity": 0.2
             }
            },
            "type": "barpolar"
           }
          ],
          "carpet": [
           {
            "aaxis": {
             "endlinecolor": "rgb(36,36,36)",
             "gridcolor": "white",
             "linecolor": "white",
             "minorgridcolor": "white",
             "startlinecolor": "rgb(36,36,36)"
            },
            "baxis": {
             "endlinecolor": "rgb(36,36,36)",
             "gridcolor": "white",
             "linecolor": "white",
             "minorgridcolor": "white",
             "startlinecolor": "rgb(36,36,36)"
            },
            "type": "carpet"
           }
          ],
          "choropleth": [
           {
            "colorbar": {
             "outlinewidth": 1,
             "tickcolor": "rgb(36,36,36)",
             "ticks": "outside"
            },
            "type": "choropleth"
           }
          ],
          "contour": [
           {
            "colorbar": {
             "outlinewidth": 1,
             "tickcolor": "rgb(36,36,36)",
             "ticks": "outside"
            },
            "colorscale": [
             [
              0,
              "#440154"
             ],
             [
              0.1111111111111111,
              "#482878"
             ],
             [
              0.2222222222222222,
              "#3e4989"
             ],
             [
              0.3333333333333333,
              "#31688e"
             ],
             [
              0.4444444444444444,
              "#26828e"
             ],
             [
              0.5555555555555556,
              "#1f9e89"
             ],
             [
              0.6666666666666666,
              "#35b779"
             ],
             [
              0.7777777777777778,
              "#6ece58"
             ],
             [
              0.8888888888888888,
              "#b5de2b"
             ],
             [
              1,
              "#fde725"
             ]
            ],
            "type": "contour"
           }
          ],
          "contourcarpet": [
           {
            "colorbar": {
             "outlinewidth": 1,
             "tickcolor": "rgb(36,36,36)",
             "ticks": "outside"
            },
            "type": "contourcarpet"
           }
          ],
          "heatmap": [
           {
            "colorbar": {
             "outlinewidth": 1,
             "tickcolor": "rgb(36,36,36)",
             "ticks": "outside"
            },
            "colorscale": [
             [
              0,
              "#440154"
             ],
             [
              0.1111111111111111,
              "#482878"
             ],
             [
              0.2222222222222222,
              "#3e4989"
             ],
             [
              0.3333333333333333,
              "#31688e"
             ],
             [
              0.4444444444444444,
              "#26828e"
             ],
             [
              0.5555555555555556,
              "#1f9e89"
             ],
             [
              0.6666666666666666,
              "#35b779"
             ],
             [
              0.7777777777777778,
              "#6ece58"
             ],
             [
              0.8888888888888888,
              "#b5de2b"
             ],
             [
              1,
              "#fde725"
             ]
            ],
            "type": "heatmap"
           }
          ],
          "heatmapgl": [
           {
            "colorbar": {
             "outlinewidth": 1,
             "tickcolor": "rgb(36,36,36)",
             "ticks": "outside"
            },
            "colorscale": [
             [
              0,
              "#440154"
             ],
             [
              0.1111111111111111,
              "#482878"
             ],
             [
              0.2222222222222222,
              "#3e4989"
             ],
             [
              0.3333333333333333,
              "#31688e"
             ],
             [
              0.4444444444444444,
              "#26828e"
             ],
             [
              0.5555555555555556,
              "#1f9e89"
             ],
             [
              0.6666666666666666,
              "#35b779"
             ],
             [
              0.7777777777777778,
              "#6ece58"
             ],
             [
              0.8888888888888888,
              "#b5de2b"
             ],
             [
              1,
              "#fde725"
             ]
            ],
            "type": "heatmapgl"
           }
          ],
          "histogram": [
           {
            "marker": {
             "line": {
              "color": "white",
              "width": 0.6
             }
            },
            "type": "histogram"
           }
          ],
          "histogram2d": [
           {
            "colorbar": {
             "outlinewidth": 1,
             "tickcolor": "rgb(36,36,36)",
             "ticks": "outside"
            },
            "colorscale": [
             [
              0,
              "#440154"
             ],
             [
              0.1111111111111111,
              "#482878"
             ],
             [
              0.2222222222222222,
              "#3e4989"
             ],
             [
              0.3333333333333333,
              "#31688e"
             ],
             [
              0.4444444444444444,
              "#26828e"
             ],
             [
              0.5555555555555556,
              "#1f9e89"
             ],
             [
              0.6666666666666666,
              "#35b779"
             ],
             [
              0.7777777777777778,
              "#6ece58"
             ],
             [
              0.8888888888888888,
              "#b5de2b"
             ],
             [
              1,
              "#fde725"
             ]
            ],
            "type": "histogram2d"
           }
          ],
          "histogram2dcontour": [
           {
            "colorbar": {
             "outlinewidth": 1,
             "tickcolor": "rgb(36,36,36)",
             "ticks": "outside"
            },
            "colorscale": [
             [
              0,
              "#440154"
             ],
             [
              0.1111111111111111,
              "#482878"
             ],
             [
              0.2222222222222222,
              "#3e4989"
             ],
             [
              0.3333333333333333,
              "#31688e"
             ],
             [
              0.4444444444444444,
              "#26828e"
             ],
             [
              0.5555555555555556,
              "#1f9e89"
             ],
             [
              0.6666666666666666,
              "#35b779"
             ],
             [
              0.7777777777777778,
              "#6ece58"
             ],
             [
              0.8888888888888888,
              "#b5de2b"
             ],
             [
              1,
              "#fde725"
             ]
            ],
            "type": "histogram2dcontour"
           }
          ],
          "mesh3d": [
           {
            "colorbar": {
             "outlinewidth": 1,
             "tickcolor": "rgb(36,36,36)",
             "ticks": "outside"
            },
            "type": "mesh3d"
           }
          ],
          "parcoords": [
           {
            "line": {
             "colorbar": {
              "outlinewidth": 1,
              "tickcolor": "rgb(36,36,36)",
              "ticks": "outside"
             }
            },
            "type": "parcoords"
           }
          ],
          "pie": [
           {
            "automargin": true,
            "type": "pie"
           }
          ],
          "scatter": [
           {
            "fillpattern": {
             "fillmode": "overlay",
             "size": 10,
             "solidity": 0.2
            },
            "type": "scatter"
           }
          ],
          "scatter3d": [
           {
            "line": {
             "colorbar": {
              "outlinewidth": 1,
              "tickcolor": "rgb(36,36,36)",
              "ticks": "outside"
             }
            },
            "marker": {
             "colorbar": {
              "outlinewidth": 1,
              "tickcolor": "rgb(36,36,36)",
              "ticks": "outside"
             }
            },
            "type": "scatter3d"
           }
          ],
          "scattercarpet": [
           {
            "marker": {
             "colorbar": {
              "outlinewidth": 1,
              "tickcolor": "rgb(36,36,36)",
              "ticks": "outside"
             }
            },
            "type": "scattercarpet"
           }
          ],
